1000101011
0100101011
1100010100
0010101011
1010010100
0110010100
0001110100
0001101011
1001010100
0101010100
1101000100
0011010100
1011000100
0111000100
1010001011
1001001011
1000110100
0100110100
1100100100
0010110100
1010100100
0110100100
0001011011
0011001011
1001100100
0101100100
0010011011
0011100100
0100011011
1000011011
0101001011
0110001001
1000101001
0100101001
1100011001
0010101001
1010011001
0110011001
0001111001
0001101001
1001011001
0101011001
1101001001
0011011001
1011001001
0111001001
1010001001
1001001001
1000111001
0100111001
1100101001
0010111001
1010101001
0110101001
0001011001
0011001001
1001101001
0101101001
0010011001
0011101001
0100011001
1000011001
0101001001
0110000101
1000100101
0100100101
1100010101
0010100101
1010010101
0110010101
0001110101
0001100101
1001010101
0101010101
1101000101
0011010101
1011000101
0111000101
1010000101
1001000101
1000110101
0100110101
1100100101
0010110101
1010100101
0110100101
0001010101
0011000101
1001100101
0101100101
0010010101
0011100101
0100010101
1000010101
0101000101
0110001100
1000101100
0100101100
1100010011
0010101100
1010010011
0110010011
0001110011
0001101100
1001010011
0101010011
1101000011
0011010011
1011000011
0111000011
1010001100
1001001100
1000110011
0100110011
1100100011
0010110011
1010100011
0110100011
0001011100
0011001100
1001100011
0101100011
0010011100
0011100011
0100011100
1000011100
0101001100
0110001101
1000101101
0100101101
1100010010
0010101101
1010010010
0110010010
0001110010
0001101101
1001010010
0101010010
1101000010
0011010010
1011000010
0111000010
1010001101
1001001101
1000110010
0100110010
1100100010
0010110010
1010100010
0110100010
0001011101
0011001101
1001100010
0101100010
0010011101
0011100010
0100011101
1000011101
0101001101
0110001010
1000101010
0100101010
1100011010
0010101010
1010011010
0110011010
0001111010
0001101010
1001011010
0101011010
1101001010
0011011010
1011001010
0111001010
1010001010
1001001010
1000111010
0100111010
1100101010
0010111010
1010101010
0110101010
0001011010
0011001010
1001101010
0101101010
0010011010
0011101010
0100011010
1000011010
0101001010
0110000110
1000100110
0100100110
1100010110
0010100110
1010010110
0110010110
0001110110
0001100110
1001010110
0101010110
1101000110
0011010110
1011000110
0111000110
1010000110
1001000110
1000110110
0100110110
1100100110
0010110110
1010100110
0110100110
0001010110
0011000110
1001100110
0101100110
0010010110
0011100110
0100010110
1000010110
0101000110
0110001110
1000101110
0100101110
1100010001
0010101110
1010010001
0110010001
0001110001
0001101110
1001010001
0101010001
1101001000
0011010001
1011001000
0111001000
1010001110
1001001110
1000110001
0100110001
1100100001
0010110001
1010100001
0110100001
0001011110
0011001110
1001100001
0101100001
0010011110
0011100001
0100011110
1000011110
0101001110
1100001011
1100000110
1100001010
1100001100
1100001101
1100000101
1100001001
1100000111
0001010111
0010010111
0100010111
1000010111