1001110100
0111010100
1011010100
1100011011
1101010100
1010011011
0110011011
1110001011
1110010100
1001011011
0101011011
1101001011
0011011011
1011001011
0111001011
0101110100
0110110100
1000111011
0100111011
1100101011
0010111011
1010101011
0110101011
1110100100
1100110100
1001101011
0101101011
1101100100
0011101011
1011100100
0111100100
1010110100
1001111001
0111011001
1011011001
1100011001
1101011001
1010011001
0110011001
1110001001
1110011001
1001011001
0101011001
1101001001
0011011001
1011001001
0111001001
0101111001
0110111001
1000111001
0100111001
1100101001
0010111001
1010101001
0110101001
1110101001
1100111001
1001101001
0101101001
1101101001
0011101001
1011101001
0111101001
1010111001
1001110101
0111010101
1011010101
1100010101
1101010101
1010010101
0110010101
1110000101
1110010101
1001010101
0101010101
1101000101
0011010101
1011000101
0111000101
0101110101
0110110101
1000110101
0100110101
1100100101
0010110101
1010100101
0110100101
1110100101
1100110101
1001100101
0101100101
1101100101
0011100101
1011100101
0111100101
1010110101
1001110011
0111010011
1011010011
1100011100
1101010011
1010011100
0110011100
1110001100
1110010011
1001011100
0101011100
1101001100
0011011100
1011001100
0111001100
0101110011
0110110011
1000111100
0100111100
1100101100
0010111100
1010101100
0110101100
1110100011
1100110011
1001101100
0101101100
1101100011
0011101100
1011100011
0111100011
1010110011
1001110010
0111010010
1011010010
1100011101
1101010010
1010011101
0110011101
1110001101
1110010010
1001011101
0101011101
1101001101
0011011101
1011001101
0111001101
0101110010
0110110010
1000111101
0100111101
1100101101
0010111101
1010101101
0110101101
1110100010
1100110010
1001101101
0101101101
1101100010
0011101101
1011100010
0111100010
1010110010
1001111010
0111011010
1011011010
1100011010
1101011010
1010011010
0110011010
1110001010
1110011010
1001011010
0101011010
1101001010
0011011010
1011001010
0111001010
0101111010
0110111010
1000111010
0100111010
1100101010
0010111010
1010101010
0110101010
1110101010
1100111010
1001101010
0101101010
1101101010
0011101010
1011101010
0111101010
1010111010
1001110110
0111010110
1011010110
1100010110
1101010110
1010010110
0110010110
1110000110
1110010110
1001010110
0101010110
1101000110
0011010110
1011000110
0111000110
0101110110
0110110110
1000110110
0100110110
1100100110
0010110110
1010100110
0110100110
1110100110
1100110110
1001100110
0101100110
1101100110
0011100110
1011100110
0111100110
1010110110
1001110001
0111010001
1011010001
1100011110
1101010001
1010011110
0110011110
1110001110
1110010001
1001011110
0101011110
1101001110
0011011110
1011001110
0111001110
0101110001
0110110001
1000110111
0100110111
1100101110
0010110111
1010101110
0110101110
1110100001
1100110001
1001101110
0101101110
1101100001
0011101110
1011100001
0111100001
1010110001
0011110100
0011111001
0011110101
0011110011
0011110010
0011111010
0011110110
0011111000
1110101000
1101101000
1011101000
0111101000